11
111111111111111
111111111111111
111111111111111
111111111111111
111111111111111
111111111111111
111111111111111
111111111111111
111111111111111
111111111111111
111111111111111
111111111111111
111111111111111
111111111111111
111111111111111
111111111111111
111111111111111
111111111111111
111111111111111
111111111111111
11

Explored string 1: 
ffffffffffffffffffffffffffffffffffffffffffffffffffffffffffffffffffffffffffff

Explored part 2:
000001000000000
000001000000000
000001000000000
000000000000000
000000000000000
000000000000111
000000000000000
000100000000000
000000001000000
000000000100000
000000000000000
000000000000000
000000000000000
111111000001000
000000000000000
000000000000000
000000000000000
000000000100000
000000000100000
000000000100000


Explored string 2: 
00400080010000000000003f040000000000000100040100000000038000000008001000200
